3 X 3 0 2 2 0 X 0 3 3 X 3 0 3 0 3 X X
3 0 3 3 3 X 2 3 3 0 3 3 2 X 3 X 0 2 0
3 2 X X 0 * 3 2 X 0 0 X 0 X X 0 2 3 X
2 2 3 0 2 2 3 2 3 X 2 3 2 0 0 3 0 0 2
0 0 3 X X 0 3 X X 2 0 0 X X X 2 3 2 X
2 0 2 0 2 X 0 0 X 0 X 3 X 2 3 0 0 0 0
0 0 2 2 3 X 0 2 0 0 0 0 0 0 0 0 0 X 3
3 0 X 2 0 2 2 0 3 2 2 3 0 2 X 2 2 3 2
0 X 0 3 2 2 0 3 3 X 3 2 0 2 2 X 3 0 0
3 X 0 2 3 2 3 X 2 2 0 0 2 3 X 2 0 0 X
0 X X 3 2 X 0 X 0 X 0 X 0 3 X 3 2 0 3
0 X X 2 0 3 0 X X 3 3 X X 0 3 X 3 0 X
3 0 2 2 X 0 X 3 0 X X X 2 2 3 X X 3 7
3 0 0 0 X 3 2 0 0 2 2 X 0 X 3 0 X 0 3
0 0 0 3 2 0 3 3 0 X X 2 3 3 2 0 3 X 3
0 2 3 X 2 2 3 0 X 0 3 X 3 0 2 2 X 3 3
